1.006955550056718884e+00 9.125600000000000000e+04
1.078480431694451624e+00 8.050900000000000000e+04
1.155085784553584238e+00 7.134400000000000000e+04
1.237132478687172688e+00 6.305300000000000000e+04
1.325007017045207514e+00 5.570600000000000000e+04
1.419123356200382435e+00 4.939400000000000000e+04
1.519924856401515756e+00 4.383600000000000000e+04
1.627886370140869232e+00 3.886700000000000000e+04
1.743516479074124437e+00 3.434500000000000000e+04
1.867359889830626285e+00 3.058400000000000000e+04
